_north={
    "name": "north",
    "size":
    {
        "x": 70, 
        "y": 60
    },
    "resource":
    {
        "settlers": 2,
        "max": 0,
        "food": 10,
        "wood": 15,
        "stone": 20,
        "gold": 0
    },
    "start":{
        "x": 2360, 
        "y": 1700
    },
    "world":
    [
        [2, 0, 2, 0, 0, 0, 2, 0, 0, 0, 0, 0, 0, 0, 0, 0, 1, 2, 2, 0, 1, 2, 2, 0, 2, 0, 0, 0, 0, 0, 0, 0, 0, 1, 2, 2, 0, 1, 2, 2, 0, 2, 2, 2, 2, 2, 2, 2, 2, 2, 2, 2, 2, 2, 2, 2, 5, 5, 6, 5, 5, 5, 6, 5, 5, 3, 3, 3, 3, 3],
        [2, 2, 1, 0, 2, 2, 0, 0, 0, 0, 0, 0, 0, 1, 0, 0, 1, 2, 2, 0, 1, 2, 2, 0, 2, 0, 0, 0, 0, 0, 0, 0, 0, 1, 2, 2, 0, 1, 2, 2, 0, 2, 2, 2, 2, 2, 2, 2, 2, 2, 2, 2, 2, 2, 6, 2, 6, 5, 5, 6, 6, 5, 5, 6, 6, 3, 3, 3, 3, 3],
        [2, 1, 0, 1, 2, 2, 0, 1, 0, 0, 0, 0, 0, 1, 0, 0, 0, 1, 2, 2, 0, 1, 0, 0, 0, 1, 2, 2, 0, 0, 0, 0, 2, 0, 0, 0, 1, 2, 2, 0, 0, 2, 2, 2, 2, 2, 2, 2, 2, 2, 2, 2, 2, 2, 2, 5, 5, 5, 5, 6, 6, 5, 6, 6, 5, 3, 3, 3, 3, 3],
        [1, 2, 0, 1, 2, 2, 1, 2, 1, 2, 0, 0, 0, 0, 0, 0, 1, 2, 2, 0, 0, 0, 0, 1, 2, 2, 2, 0, 0, 0, 2, 0, 0, 1, 2, 2, 0, 0, 0, 0, 0, 2, 2, 2, 2, 2, 2, 2, 2, 2, 2, 2, 2, 2, 2, 5, 6, 5, 6, 5, 6, 6, 5, 5, 3, 3, 3, 3, 3, 3],
        [0, 2, 2, 2, 2, 2, 2, 0, 0, 0, 0, 2, 0, 0, 0, 0, 0, 1, 2, 2, 2, 1, 0, 0, 0, 2, 2, 0, 0, 1, 0, 2, 0, 1, 2, 2, 0, 0, 1, 2, 2, 2, 2, 2, 2, 2, 2, 2, 2, 2, 2, 2, 2, 2, 5, 5, 5, 5, 6, 5, 6, 5, 5, 6, 5, 3, 3, 3, 3, 3],
        [0, 2, 0, 2, 1, 0, 0, 1, 0, 0, 0, 0, 0, 0, 0, 0, 2, 0, 2, 1, 1, 0, 2, 2, 2, 2, 2, 0, 0, 2, 0, 0, 0, 1, 2, 2, 0, 0, 1, 2, 2, 2, 2, 2, 2, 2, 2, 2, 2, 2, 2, 2, 2, 2, 2, 6, 6, 5, 5, 6, 5, 6, 6, 5, 5, 5, 3, 3, 3, 3],
        [2, 0, 2, 0, 2, 0, 2, 0, 0, 0, 0, 0, 0, 0, 0, 0, 0, 0, 0, 0, 1, 0, 0, 2, 2, 2, 2, 0, 0, 2, 0, 0, 0, 1, 2, 2, 0, 0, 1, 2, 2, 2, 2, 2, 2, 2, 2, 2, 2, 2, 2, 2, 2, 2, 2, 2, 6, 5, 5, 5, 6, 5, 5, 6, 6, 6, 3, 3, 3, 3],
        [1, 2, 0, 2, 2, 2, 2, 0, 0, 0, 0, 0, 0, 1, 0, 0, 1, 1, 0, 0, 0, 0, 2, 2, 1, 2, 2, 0, 0, 2, 0, 0, 0, 2, 0, 0, 0, 1, 2, 2, 0, 2, 2, 2, 2, 2, 2, 2, 2, 2, 2, 2, 2, 2, 2, 2, 5, 5, 6, 5, 5, 5, 5, 5, 5, 5, 3, 3, 3, 3],
        [2, 1, 0, 2, 2, 2, 0, 2, 0, 0, 0, 0, 0, 1, 0, 0, 2, 2, 2, 2, 0, 0, 1, 2, 2, 1, 0, 2, 0, 1, 2, 0, 0, 0, 1, 0, 0, 0, 2, 0, 0, 2, 2, 2, 2, 2, 2, 2, 2, 2, 2, 2, 2, 2, 2, 2, 2, 2, 5, 5, 6, 5, 6, 5, 5, 3, 3, 3, 3, 3],
        [2, 1, 0, 0, 1, 1, 1, 0, 0, 0, 0, 0, 0, 1, 2, 0, 0, 0, 0, 2, 0, 0, 0, 2, 2, 2, 2, 0, 0, 0, 0, 1, 0, 0, 1, 0, 0, 0, 2, 0, 0, 2, 2, 2, 2, 2, 2, 2, 2, 2, 2, 2, 2, 2, 2, 2, 2, 2, 2, 6, 5, 5, 6, 6, 3, 3, 3, 3, 3, 3],
        [1, 1, 0, 2, 1, 0, 0, 0, 0, 0, 0, 2, 0, 0, 0, 0, 0, 0, 2, 0, 1, 1, 2, 2, 2, 2, 2, 0, 0, 0, 1, 2, 2, 0, 0, 0, 0, 1, 0, 0, 0, 2, 2, 2, 2, 2, 2, 2, 2, 2, 2, 2, 2, 2, 2, 2, 2, 2, 2, 5, 6, 5, 5, 3, 3, 3, 3, 3, 3, 3],
        [2, 0, 1, 1, 2, 0, 0, 1, 0, 0, 0, 0, 0, 0, 0, 0, 1, 2, 2, 0, 0, 0, 0, 2, 2, 2, 0, 0, 0, 0, 0, 1, 2, 2, 0, 0, 0, 0, 1, 0, 1, 2, 2, 2, 2, 2, 2, 2, 2, 2, 2, 2, 2, 2, 2, 2, 2, 2, 2, 5, 6, 5, 5, 3, 3, 3, 3, 3, 3, 3],
        [0, 1, 2, 0, 0, 2, 2, 0, 0, 0, 0, 0, 0, 0, 0, 2, 0, 0, 0, 0, 1, 0, 0, 2, 2, 2, 2, 0, 0, 2, 0, 0, 1, 0, 1, 2, 2, 0, 0, 2, 0, 2, 2, 2, 2, 2, 2, 2, 2, 2, 2, 2, 2, 2, 2, 2, 2, 2, 2, 2, 6, 6, 3, 3, 3, 3, 3, 3, 3, 3],
        [1, 2, 0, 0, 1, 2, 1, 0, 0, 0, 0, 0, 0, 1, 0, 2, 0, 0, 0, 2, 1, 0, 0, 0, 1, 2, 2, 0, 0, 2, 0, 0, 0, 2, 0, 0, 0, 0, 0, 0, 1, 2, 2, 2, 2, 2, 2, 2, 2, 2, 2, 2, 2, 2, 2, 2, 2, 2, 2, 2, 5, 5, 3, 3, 3, 3, 3, 3, 3, 3],
        [2, 2, 0, 1, 2, 1, 0, 1, 0, 0, 0, 0, 0, 1, 0, 2, 0, 1, 2, 0, 0, 0, 0, 0, 0, 1, 0, 2, 0, 1, 2, 2, 0, 0, 1, 0, 0, 0, 2, 0, 0, 2, 2, 2, 2, 2, 2, 2, 2, 2, 2, 2, 2, 2, 2, 2, 2, 2, 2, 2, 2, 3, 3, 3, 3, 3, 3, 3, 3, 3],
        [0, 1, 2, 0, 0, 1, 2, 0, 0, 0, 0, 2, 0, 1, 2, 2, 0, 0, 0, 0, 0, 0, 0, 0, 1, 2, 2, 0, 0, 0, 0, 1, 0, 0, 0, 0, 1, 2, 0, 0, 2, 2, 2, 2, 2, 2, 2, 2, 2, 2, 2, 2, 2, 2, 2, 2, 2, 2, 2, 2, 2, 3, 3, 3, 3, 3, 3, 3, 3, 3],
        [1, 2, 2, 2, 1, 2, 0, 0, 0, 0, 0, 2, 0, 0, 0, 2, 0, 0, 0, 0, 1, 0, 2, 0, 1, 2, 2, 0, 0, 0, 1, 2, 1, 0, 0, 0, 0, 1, 2, 2, 2, 2, 2, 2, 2, 2, 2, 2, 2, 2, 2, 2, 2, 2, 2, 2, 2, 2, 2, 2, 2, 3, 3, 3, 3, 3, 3, 3, 3, 3],
        [0, 1, 2, 2, 0, 1, 2, 0, 0, 0, 0, 0, 0, 0, 0, 0, 0, 2, 0, 0, 1, 0, 2, 0, 1, 2, 2, 0, 0, 2, 0, 0, 1, 0, 1, 2, 2, 0, 0, 2, 0, 2, 2, 2, 2, 2, 2, 2, 2, 2, 2, 2, 2, 2, 2, 2, 2, 2, 2, 2, 2, 3, 3, 3, 3, 3, 3, 3, 3, 3],
        [1, 2, 2, 0, 1, 2, 0, 0, 0, 0, 0, 0, 0, 1, 0, 0, 0, 2, 0, 0, 1, 0, 2, 0, 1, 2, 2, 0, 0, 2, 0, 0, 0, 2, 0, 0, 0, 0, 0, 0, 1, 2, 2, 2, 2, 2, 2, 2, 2, 2, 2, 2, 2, 2, 2, 2, 2, 2, 2, 2, 2, 3, 3, 3, 3, 3, 3, 3, 3, 3],
        [2, 2, 0, 1, 2, 2, 0, 1, 2, 0, 2, 0, 2, 1, 0, 2, 0, 1, 2, 2, 0, 0, 2, 0, 0, 1, 0, 2, 0, 1, 2, 2, 0, 0, 1, 0, 0, 0, 2, 0, 0, 2, 2, 2, 2, 2, 2, 2, 2, 2, 2, 2, 2, 2, 2, 2, 2, 2, 2, 2, 3, 3, 3, 3, 3, 3, 3, 3, 3, 3],
        [0, 1, 2, 2, 0, 1, 2, 0, 2, 2, 0, 0, 0, 1, 2, 2, 0, 0, 0, 2, 0, 0, 0, 0, 1, 2, 2, 0, 0, 0, 0, 1, 0, 0, 0, 0, 1, 2, 0, 0, 2, 2, 2, 2, 2, 2, 2, 2, 2, 2, 2, 2, 2, 2, 2, 2, 2, 2, 2, 2, 3, 3, 3, 3, 3, 3, 3, 3, 3, 3],
        [1, 2, 2, 0, 1, 2, 0, 2, 2, 2, 0, 2, 0, 0, 0, 0, 0, 2, 0, 0, 1, 0, 2, 0, 1, 2, 2, 0, 0, 0, 1, 2, 2, 0, 0, 0, 0, 1, 2, 2, 2, 2, 2, 2, 2, 2, 2, 2, 2, 2, 2, 2, 2, 2, 2, 2, 2, 2, 2, 2, 3, 3, 3, 3, 3, 3, 3, 3, 3, 3],
        [1, 2, 2, 0, 1, 2, 0, 2, 2, 2, 0, 0, 0, 1, 0, 0, 0, 2, 0, 0, 1, 0, 2, 0, 1, 2, 1, 0, 0, 2, 0, 0, 0, 2, 0, 0, 0, 1, 2, 2, 0, 2, 2, 2, 2, 2, 2, 2, 2, 2, 2, 2, 2, 2, 2, 2, 2, 2, 2, 2, 3, 3, 3, 3, 3, 3, 3, 3, 3, 3],
        [0, 1, 2, 2, 0, 1, 2, 2, 2, 0, 0, 0, 0, 1, 2, 2, 0, 0, 0, 2, 0, 0, 0, 0, 1, 2, 1, 0, 0, 0, 0, 1, 0, 0, 1, 0, 0, 0, 2, 0, 0, 2, 2, 2, 2, 2, 2, 2, 2, 2, 2, 2, 2, 2, 2, 2, 2, 2, 2, 2, 2, 3, 3, 3, 3, 3, 3, 3, 3, 3],
        [2, 2, 0, 1, 2, 2, 0, 1, 0, 0, 2, 0, 0, 1, 0, 2, 0, 1, 2, 2, 0, 1, 0, 0, 0, 1, 2, 1, 0, 0, 0, 0, 2, 0, 0, 0, 1, 2, 2, 0, 0, 2, 2, 2, 2, 2, 2, 2, 2, 2, 2, 2, 2, 2, 2, 2, 2, 2, 2, 2, 2, 2, 3, 3, 3, 3, 3, 3, 3, 3],
        [2, 2, 0, 1, 2, 2, 0, 1, 0, 0, 2, 0, 0, 1, 0, 2, 0, 1, 2, 2, 0, 0, 2, 0, 0, 1, 0, 1, 0, 1, 2, 0, 0, 0, 1, 0, 0, 0, 2, 0, 0, 2, 2, 2, 2, 2, 2, 2, 2, 2, 2, 2, 2, 2, 2, 2, 2, 2, 2, 2, 2, 2, 3, 3, 3, 3, 3, 3, 3, 3],
        [1, 2, 2, 0, 1, 2, 2, 0, 0, 0, 0, 0, 0, 1, 0, 0, 0, 2, 0, 0, 1, 0, 2, 0, 1, 2, 0, 0, 0, 2, 0, 0, 0, 0, 0, 0, 0, 1, 2, 2, 0, 2, 2, 2, 2, 2, 2, 2, 2, 2, 2, 2, 2, 2, 2, 2, 2, 2, 2, 2, 2, 2, 2, 3, 3, 3, 3, 3, 3, 3],
        [0, 1, 2, 2, 0, 1, 2, 2, 0, 0, 0, 0, 0, 1, 2, 2, 0, 0, 0, 2, 0, 0, 0, 0, 1, 2, 0, 0, 0, 0, 0, 1, 0, 0, 1, 0, 0, 0, 2, 0, 0, 2, 2, 2, 2, 2, 2, 2, 2, 2, 2, 2, 2, 2, 2, 2, 2, 2, 2, 2, 2, 2, 2, 3, 3, 3, 3, 3, 3, 3],
        [2, 2, 0, 1, 2, 2, 0, 1, 0, 0, 2, 0, 0, 1, 0, 2, 0, 1, 2, 2, 0, 0, 2, 0, 0, 1, 0, 2, 0, 1, 2, 2, 0, 0, 1, 0, 0, 0, 2, 0, 0, 2, 2, 2, 2, 2, 2, 2, 2, 2, 2, 2, 2, 2, 2, 2, 2, 2, 2, 2, 2, 2, 2, 2, 3, 3, 3, 3, 3, 3],
        [1, 2, 2, 0, 1, 2, 2, 0, 0, 0, 0, 0, 0, 3, 3, 0, 0, 3, 3, 0, 1, 0, 2, 0, 1, 2, 1, 0, 0, 1, 0, 0, 0, 0, 0, 0, 0, 1, 2, 2, 0, 2, 2, 2, 2, 2, 2, 2, 2, 2, 2, 2, 2, 2, 2, 2, 2, 2, 2, 2, 2, 2, 2, 2, 3, 3, 3, 3, 3, 3],
        [0, 1, 2, 2, 0, 1, 2, 2, 0, 0, 0, 0, 3, 3, 3, 3, 3, 3, 3, 0, 1, 0, 2, 0, 1, 2, 1, 0, 0, 0, 0, 0, 0, 1, 2, 0, 0, 0, 1, 2, 2, 2, 2, 2, 2, 2, 2, 2, 2, 2, 2, 2, 2, 2, 2, 2, 2, 2, 2, 2, 2, 2, 2, 2, 3, 3, 3, 3, 3, 3],
        [0, 1, 2, 2, 0, 1, 2, 2, 0, 0, 0, 0, 3, 3, 3, 3, 3, 3, 3, 3, 0, 0, 0, 0, 1, 2, 1, 0, 0, 1, 0, 1, 2, 0, 1, 0, 0, 0, 1, 0, 0, 2, 2, 2, 2, 2, 2, 2, 2, 2, 2, 2, 2, 2, 2, 2, 2, 2, 2, 2, 2, 2, 2, 2, 3, 3, 3, 3, 3, 3],
        [5, 5, 5, 6, 2, 2, 0, 1, 0, 6, 5, 5, 5, 3, 3, 3, 3, 3, 3, 3, 0, 0, 2, 0, 0, 1, 0, 2, 0, 1, 2, 0, 0, 0, 1, 0, 0, 0, 1, 0, 0, 2, 2, 2, 2, 2, 2, 2, 2, 2, 2, 2, 2, 2, 2, 2, 2, 2, 2, 2, 2, 2, 2, 3, 3, 3, 3, 3, 3, 3],
        [6, 5, 5, 5, 6, 2, 2, 5, 5, 6, 6, 5, 5, 3, 3, 3, 3, 3, 3, 0, 1, 0, 2, 0, 1, 2, 0, 0, 0, 0, 0, 0, 0, 0, 0, 0, 0, 1, 2, 2, 0, 2, 2, 2, 2, 2, 2, 2, 2, 2, 2, 2, 2, 2, 2, 2, 2, 2, 2, 2, 2, 2, 3, 3, 3, 3, 3, 3, 3, 3],
        [5, 5, 5, 5, 5, 6, 5, 5, 6, 6, 5, 5, 3, 3, 3, 3, 3, 3, 3, 3, 1, 0, 2, 0, 1, 2, 2, 0, 0, 0, 0, 0, 0, 1, 2, 0, 0, 0, 1, 2, 2, 2, 2, 2, 2, 2, 2, 2, 2, 2, 2, 2, 2, 2, 2, 2, 2, 2, 2, 2, 2, 3, 3, 3, 3, 3, 3, 3, 3, 3],
        [5, 5, 6, 5, 5, 5, 6, 5, 6, 6, 5, 5, 3, 3, 3, 3, 3, 3, 3, 3, 1, 0, 2, 0, 1, 2, 0, 0, 0, 2, 0, 0, 0, 0, 0, 0, 0, 1, 2, 2, 0, 2, 2, 2, 2, 2, 2, 2, 2, 2, 2, 2, 2, 2, 2, 2, 2, 2, 2, 2, 3, 3, 3, 3, 3, 3, 3, 3, 3, 3],
        [6, 5, 5, 6, 5, 5, 6, 5, 5, 3, 3, 3, 3, 3, 3, 3, 3, 3, 3, 3, 3, 0, 0, 0, 1, 2, 0, 0, 0, 0, 0, 1, 0, 0, 1, 0, 0, 0, 2, 0, 0, 2, 2, 2, 2, 2, 2, 2, 2, 2, 2, 2, 2, 3, 3, 2, 2, 2, 3, 3, 3, 3, 3, 3, 3, 3, 3, 3, 3, 3],
        [5, 5, 6, 5, 5, 5, 6, 5, 3, 3, 3, 3, 3, 3, 3, 3, 3, 3, 3, 3, 3, 0, 2, 0, 0, 1, 0, 2, 0, 1, 2, 2, 0, 0, 1, 0, 0, 0, 2, 0, 0, 2, 2, 2, 2, 2, 2, 2, 2, 2, 2, 2, 3, 3, 3, 3, 3, 3, 3, 3, 3, 3, 3, 3, 3, 3, 3, 3, 3, 3],
        [5, 6, 5, 5, 6, 6, 5, 5, 3, 3, 3, 3, 3, 3, 3, 3, 3, 3, 3, 3, 3, 3, 3, 3, 1, 2, 1, 0, 0, 1, 0, 0, 0, 0, 0, 0, 0, 1, 2, 2, 0, 2, 2, 2, 2, 2, 2, 2, 2, 2, 2, 2, 3, 3, 3, 3, 3, 3, 3, 3, 3, 3, 3, 3, 3, 3, 3, 3, 3, 3],
        [6, 6, 5, 5, 6, 5, 5, 3, 3, 3, 3, 3, 3, 0, 0, 3, 3, 3, 3, 3, 3, 3, 3, 3, 3, 3, 1, 0, 0, 0, 0, 0, 0, 1, 2, 0, 0, 0, 1, 2, 2, 2, 2, 2, 2, 2, 2, 2, 2, 2, 2, 3, 3, 3, 3, 3, 3, 3, 3, 3, 3, 3, 3, 3, 3, 3, 3, 3, 3, 3],
        [5, 6, 5, 5, 5, 5, 6, 3, 3, 3, 3, 3, 3, 1, 2, 2, 0, 3, 3, 3, 3, 3, 3, 3, 3, 3, 3, 0, 0, 0, 0, 1, 2, 0, 1, 0, 0, 0, 1, 0, 0, 2, 2, 2, 2, 2, 2, 2, 2, 2, 3, 3, 3, 3, 3, 3, 3, 3, 3, 3, 3, 3, 3, 3, 3, 3, 3, 3, 3, 3],
        [5, 6, 5, 6, 6, 6, 5, 6, 3, 3, 2, 0, 0, 1, 0, 2, 0, 1, 3, 3, 3, 3, 3, 3, 3, 3, 3, 3, 0, 1, 2, 0, 0, 0, 1, 0, 0, 0, 1, 0, 0, 2, 2, 2, 2, 2, 2, 2, 2, 3, 3, 3, 3, 3, 3, 3, 3, 3, 3, 3, 3, 3, 3, 3, 3, 3, 3, 3, 3, 3],
        [6, 5, 5, 5, 5, 6, 2, 0, 3, 0, 0, 0, 0, 1, 0, 0, 0, 2, 0, 3, 3, 3, 3, 3, 3, 3, 3, 3, 3, 0, 0, 0, 0, 0, 0, 0, 0, 1, 2, 2, 0, 2, 2, 2, 2, 2, 2, 2, 3, 3, 3, 3, 3, 3, 3, 3, 3, 3, 3, 3, 3, 3, 3, 3, 3, 3, 3, 3, 3, 3],
        [5, 5, 5, 6, 5, 1, 2, 2, 0, 0, 0, 0, 0, 0, 0, 0, 0, 2, 0, 0, 3, 3, 3, 3, 3, 3, 3, 3, 3, 3, 3, 0, 0, 1, 2, 0, 0, 0, 1, 2, 2, 2, 2, 2, 2, 2, 2, 2, 3, 3, 3, 3, 3, 3, 3, 3, 3, 3, 3, 3, 3, 3, 3, 3, 3, 3, 3, 3, 3, 3],
        [6, 5, 5, 5, 5, 5, 2, 0, 0, 0, 0, 0, 0, 1, 0, 0, 0, 2, 0, 2, 3, 3, 3, 0, 3, 3, 3, 3, 3, 3, 3, 3, 0, 0, 0, 0, 0, 1, 2, 2, 0, 2, 2, 2, 2, 2, 2, 2, 3, 3, 3, 3, 3, 3, 3, 3, 3, 3, 3, 3, 3, 3, 3, 3, 3, 3, 3, 3, 3, 3],
        [5, 5, 5, 5, 5, 5, 2, 2, 0, 0, 0, 0, 0, 1, 2, 2, 0, 0, 0, 2, 0, 0, 0, 0, 1, 2, 0, 3, 3, 3, 3, 3, 3, 0, 1, 0, 0, 0, 2, 0, 0, 2, 2, 2, 2, 2, 2, 3, 3, 3, 3, 3, 3, 3, 3, 3, 3, 3, 3, 3, 3, 3, 3, 3, 3, 3, 3, 3, 3, 3],
        [5, 5, 5, 5, 6, 2, 0, 1, 0, 0, 2, 0, 0, 1, 0, 2, 0, 1, 2, 2, 0, 0, 2, 0, 0, 1, 0, 2, 0, 3, 3, 3, 3, 3, 1, 0, 0, 0, 2, 0, 0, 2, 2, 2, 2, 2, 3, 3, 3, 3, 3, 3, 3, 3, 3, 3, 3, 3, 3, 3, 3, 3, 3, 3, 3, 3, 3, 3, 3, 3],
        [5, 5, 6, 5, 1, 5, 2, 0, 0, 0, 0, 0, 0, 1, 0, 0, 0, 2, 0, 0, 1, 0, 2, 0, 1, 2, 1, 0, 0, 1, 3, 3, 3, 3, 3, 0, 0, 3, 3, 3, 3, 3, 2, 2, 2, 2, 3, 3, 3, 3, 3, 3, 3, 3, 3, 3, 3, 3, 3, 3, 3, 3, 3, 3, 3, 3, 3, 3, 3, 3],
        [6, 6, 6, 5, 0, 1, 2, 2, 0, 0, 0, 0, 0, 0, 0, 0, 0, 2, 0, 0, 1, 0, 2, 0, 1, 2, 1, 0, 0, 0, 0, 0, 3, 3, 3, 3, 3, 3, 3, 3, 3, 3, 2, 2, 2, 3, 3, 3, 3, 3, 3, 3, 3, 3, 3, 3, 3, 3, 3, 3, 3, 3, 3, 3, 3, 3, 3, 3, 3, 3],
        [5, 6, 5, 2, 0, 1, 2, 2, 0, 0, 0, 0, 0, 1, 2, 2, 0, 0, 0, 2, 0, 0, 0, 0, 1, 2, 1, 0, 0, 0, 0, 1, 2, 3, 3, 3, 3, 3, 3, 3, 3, 3, 3, 3, 3, 3, 3, 3, 3, 3, 3, 3, 3, 3, 3, 3, 3, 3, 3, 3, 3, 3, 3, 3, 3, 3, 3, 3, 3, 3],
        [6, 5, 6, 1, 2, 2, 0, 1, 0, 0, 2, 0, 0, 1, 0, 2, 0, 1, 2, 2, 0, 0, 2, 0, 0, 1, 0, 2, 0, 1, 2, 0, 0, 3, 3, 3, 3, 3, 3, 3, 3, 3, 3, 3, 3, 3, 3, 3, 3, 3, 3, 3, 3, 3, 3, 3, 3, 3, 3, 3, 3, 3, 3, 3, 3, 3, 3, 3, 3, 3]
     ],
     "timeout": 600000,
     "enemies": 
     [
         {
             "respawn": 599999,
             "x": 2200,
             "y": 50
         },
        {
             "respawn": 599999,
             "x": 2300,
             "y": 50
         }
     ],
    "objects":[
        {
        "name": "Settler",
            "x": 2360, 
            "y": 1700
        },
        {
        "name": "Settler",
            "x": 2390, 
            "y": 1730
        },
        {
            "name": "Tree2",
            "x": 1550, 
            "y": 2100
        },
        {
            "name": "Tree3",
            "x": 1601,
            "y": 2135
        },
        {
            "name": "Tree2",
            "x": 1519, 
            "y": 2162
        },
        {
            "name": "Tree2",
            "x": 1491, 
            "y": 2112
        },
        {
            "name": "Tree1",
            "x": 1490, 
            "y": 2054
        },
        {
            "name": "Tree2",
            "x": 1585, 
            "y": 2183
        },
        {
            "name": "Tree1",
            "x": 1442, 
            "y": 2177
        },
        {
            "name": "Tree2",
            "x": 1439, 
            "y": 2115
        },
        {
            "name": "Tree3",
            "x": 1393, 
            "y": 2085
        },
        {
            "name": "Tree2",
            "x": 1338, 
            "y": 2111
        },
        {
            "name": "Tree2",
            "x": 1290, 
            "y": 2146
        },
        {
            "name": "Tree3",
            "x": 1359, 
            "y": 2159
        },
        {
            "name": "Tree2",
            "x": 1319, 
            "y": 2209
        },
        {
            "name": "Tree1",
            "x": 1375, 
            "y": 2234
        },
        {
            "name": "Tree3",
            "x": 1513, 
            "y": 2228
        },
        {
            "name": "Tree2",
            "x": 1368, 
            "y": 2168
        },
        {
            "name": "Tree2",
            "x": 1346, 
            "y": 2257
        },
        {
            "name": "Tree2",
            "x": 1427, 
            "y": 2244
        },
        {
            "name": "Tree1",
            "x": 1290, 
            "y": 2146
        },
        {
            "name": "Tree2",
            "x": 1565, 
            "y": 2274
        },
        {
            "name": "Tree2",
            "x": 1456, 
            "y": 2282
        },
        {
            "name": "Tree1",
            "x": 1400, 
            "y": 2319
        },
        {
            "name": "Tree2",
            "x": 1421, 
            "y": 2363
        },
        {
            "name": "Tree3",
            "x": 1496, 
            "y": 2377
        },
        {
            "name": "Tree2",
            "x": 1542, 
            "y": 2342
        },
        {
            "name": "Tree1",
            "x": 1582, 
            "y": 2405
        },
        {
            "name": "Tree3",
            "x": 1668, 
            "y": 2335
        },
        {
            "name": "Tree2",
            "x": 1703, 
            "y": 2186
        },
        {
            "name": "Tree3",
            "x": 1730, 
            "y": 2293
        },
        {
            "name": "Tree1",
            "x": 1605, 
            "y": 2468
        },
        {
            "name": "Tree2",
            "x": 1693, 
            "y": 2423
        },
        {
            "name": "Tree2",
            "x": 1825, 
            "y": 2384
        },
        {
            "name": "Tree1",
            "x": 1743, 
            "y": 2442
        },
        {
            "name": "Tree3",
            "x": 1745, 
            "y": 2522
        },
        {
            "name": "Tree1",
            "x": 1864, 
            "y": 2462
        },
        {
            "name": "Tree1",
            "x": 1896, 
            "y": 2352
        },
        {
            "name": "Tree2",
            "x": 1966, 
            "y": 2353
        },
        {
            "name": "Tree2",
            "x": 3140, 
            "y": 1780
        },
        {
            "name": "Tree2",
            "x": 3210, 
            "y": 1812
        },
        {
            "name": "Tree1",
            "x": 3255, 
            "y": 1744
        },
        {
            "name": "Tree3",
            "x": 3067, 
            "y": 1822
        },
        {
            "name": "Tree2",
            "x": 3003, 
            "y": 1745
        },
        {
            "name": "Tree1",
            "x": 2938, 
            "y": 1607
        },
        {
            "name": "Tree2",
            "x": 3116, 
            "y": 1851
        },
        {
            "name": "Tree2",
            "x": 3228, 
            "y": 1921
        },
        {
            "name": "Tree2",
            "x": 3291, 
            "y": 1851
        },
        {
            "name": "Tree1",
            "x": 3361, 
            "y": 1794
        },
        {
            "name": "Tree3",
            "x": 3377, 
            "y": 1883
        },
        {
            "name": "Tree2",
            "x": 3317, 
            "y": 1950
        },
        {
            "name": "Tree2",
            "x": 3133, 
            "y": 1915
        },
        {
            "name": "Tree3",
            "x": 3149, 
            "y": 1991
        },
        {
            "name": "Tree3",
            "x": 3237, 
            "y": 1973
        },
        {
            "name": "Tree2",
            "x": 3408, 
            "y": 1963
        },
        {
            "name": "Tree2",
            "x": 3494, 
            "y": 1898
        },
        {
            "name": "Tree2",
            "x": 2388, 
            "y": 343
        },
        {
            "name": "Tree3",
            "x": 3808, 
            "y": 297
        },
        {
            "name": "Tree1",
            "x": 2244, 
            "y": 389
        },
        {
            "name": "Tree2",
            "x": 2409, 
            "y": 390
        },
        {
            "name": "Tree3",
            "x": 2525, 
            "y": 368
        },
        {
            "name": "Tree2",
            "x": 2677, 
            "y": 289
        },
        {
            "name": "Tree2",
            "x": 2312, 
            "y": 437
        },
        {
            "name": "Tree3",
            "x": 2677, 
            "y": 289
        },
        {
            "name": "Tree2",
            "x": 2383, 
            "y": 452
        },
        {
            "name": "Tree1",
            "x": 2490, 
            "y": 456
        },
        {
            "name": "Tree2",
            "x": 2558, 
            "y": 492
        },
        {
            "name": "Tree1",
            "x": 2603, 
            "y": 404
        },
        {
            "name": "Tree2",
            "x": 2640, 
            "y": 346
        },
        {
            "name": "Tree3",
            "x": 2552, 
            "y": 262
        },
        {
            "name": "Tree3",
            "x": 2465, 
            "y": 239
        },
        {
            "name": "Tree2",
            "x": 2627, 
            "y": 446
        },
        {
            "name": "Tree2",
            "x": 768, 
            "y": 1017
        },
        {
            "name": "Tree3",
            "x": 654, 
            "y": 1076
        },
        {
            "name": "Tree2",
            "x": 734, 
            "y": 1131
        },
        {
            "name": "Tree2",
            "x": 845, 
            "y": 1116
        },
        {
            "name": "Tree1",
            "x": 885, 
            "y": 1050
        },
        {
            "name": "Tree2",
            "x": 819, 
            "y": 961
        },
        {
            "name": "Tree3",
            "x": 633, 
            "y": 973
        },
        {
            "name": "Tree2",
            "x": 799, 
            "y": 1167
        },
        {
            "name": "Tree3",
            "x": 921, 
            "y": 1146
        },
        {
            "name": "Tree1",
            "x": 941, 
            "y": 1066
        },
        {
            "name": "Tree2",
            "x": 1002, 
            "y": 1002
        },
        {
            "name": "Tree2",
            "x": 1037, 
            "y": 1095
        },
        {
            "name": "Tree2",
            "x": 995, 
            "y": 1189
        },
        {
            "name": "Tree3",
            "x": 1099, 
            "y": 1221
        },
        {
            "name": "Tree2",
            "x": 1005, 
            "y": 1294
        },
        {
            "name": "Tree3",
            "x": 867, 
            "y": 1209
        },
        {
            "name": "Tree2",
            "x": 883, 
            "y": 1298
        },
        {
            "name": "Tree3",
            "x": 673, 
            "y": 1218
        },
        {
            "name": "Tree2",
            "x": 1149, 
            "y": 1120
        },
        {
            "name": "Tree3",
            "x": 1199, 
            "y": 1221
        },
        {
            "name": "Tree1",
            "x": 1128, 
            "y": 1300
        },
        {
            "name": "Tree1",
            "x": 911, 
            "y": 1328
        },
        {
            "name": "Tree3",
            "x": 513, 
            "y": 1132
        },
        {
            "name": "Tree1",
            "x": 457, 
            "y": 1049
        },
        {
            "name": "Tree2",
            "x": 354, 
            "y": 985
        },
        {
            "name": "Tree1",
            "x": 500, 
            "y": 875
        },
        {
            "name": "Tree1",
            "x": 739, 
            "y": 1356
        },
        {
            "name": "Tree3",
            "x": 865, 
            "y": 1423
        },
        {
            "name": "Tree1",
            "x": 1002, 
            "y": 1423
        },
        {
            "name": "Tree3",
            "x": 1129, 
            "y": 1491
        },
        {
            "name": "Tree1",
            "x": 1301, 
            "y": 1245
        },
        {
            "name": "Tree2",
            "x": 1424, 
            "y": 1311
        },
        {
            "name": "Tree3",
            "x": 1344, 
            "y": 1449
        },
        {
            "name": "Tree3",
            "x": 764, 
            "y": 3068
        },
        {
            "name": "Tree1",
            "x": 657, 
            "y": 3077
        },
        {
            "name": "Tree3",
            "x": 647, 
            "y": 3159
        },
        {
            "name": "Tree1",
            "x": 740,
            "y": 3220
        },
        {
            "name": "Tree2",
            "x": 813,
            "y": 3122
        },
        {
            "name": "Tree3",
            "x": 841,
            "y": 3194
        },
        {
            "name": "Tree2",
            "x": 949,
            "y": 3245
        },
        {
            "name": "Tree2",
            "x": 970,
            "y": 3099
        },
        {
            "name": "Tree2",
            "x": 568,
            "y": 3061
        },
        {
            "name": "Tree3",
            "x": 470,
            "y": 3024
        },
        {
            "name": "Tree2",
            "x": 471,
            "y": 3145
        },
        {
            "name": "Tree2",
            "x": 559,
            "y": 3149
        },
        {
            "name": "Tree3",
            "x": 509,
            "y": 3200
        },
        {
            "name": "Tree2",
            "x": 635,
            "y": 3255
        },
        {
            "name": "Tree1",
            "x": 415,
            "y": 3055
        },
        {
            "name": "Tree1",
            "x": 418,
            "y": 3207
        },
        {
            "name": "Tree2",
            "x": 859,
            "y": 2962
        },
        {
            "name": "Tree3",
            "x": 953,
            "y": 2939
        },
        {
            "name": "Tree3",
            "x": 1080,
            "y": 3016
        },
        {
            "name": "Tree1",
            "x": 1223,
            "y": 3061
        },
        {
            "name": "Tree2",
            "x": 1181,
            "y": 2965
        },
        {
            "name": "Tree3",
            "x": 1314,
            "y": 2905
        },
        {
            "name": "Stone1",
            "x": 230,
            "y": 2541
        },
        {
            "name": "Stone2",
            "x": 294,
            "y": 2429
        },
                {
            "name": "Stone1",
            "x": 535,
            "y": 455
        },
        {
            "name": "Stone1",
            "x": 391,
            "y": 342
        },
        {
            "name": "Stone2",
            "x": 479,
            "y": 242
        },
        {
            "name": "Stone2",
            "x": 378,
            "y": 435
        },
        {
            "name": "Stone2",
            "x": 696,
            "y": 246
        },
        {
            "name": "Stone2",
            "x": 3600,
            "y": 310
        },
        {
            "name": "Stone1",
            "x": 3742,
            "y": 443
        },
        {
            "name": "Stone2",
            "x": 3905,
            "y": 378
        },
        {
            "name": "Stone1",
            "x": 3803,
            "y": 518
        },
        {
            "name": "Stone2",
            "x": 3842,
            "y": 645
        },
        {
            "name": "Stone2",
            "x": 3099,
            "y": 1630
        },
        {
            "name": "Stone1",
            "x": 3000,
            "y": 1492
        },
        {
            "name": "Stone2",
            "x": 3296,
            "y": 2040
        },
        {
            "name": "Stone1",
            "x": 3187,
            "y": 1457
        },
        {
            "name": "Stone2",
            "x": 3362,
            "y": 1520
        },
        {
            "name": "Stone2",
            "x": 2844,
            "y": 2993
        },
        {
            "name": "Berries",
            "x": 1912,
            "y": 2582
        },
        {
            "name": "Berries",
            "x": 1940,
            "y": 2444
        },
        {
            "name": "Berries",
            "x": 1954,
            "y": 2698
        },
        {
            "name": "Berries",
            "x": 1959,
            "y": 2617
        },
        {
            "name": "Berries",
            "x": 2025,
            "y": 2653
        },
        {
            "name": "Berries",
            "x": 2077,
            "y": 2564
        },
        {
            "name": "Berries",
            "x": 2204,
            "y": 2699
        },
        {
            "name": "Berries",
            "x": 1830,
            "y": 2590
        },
        {
            "name": "Berries",
            "x": 2115,
            "y": 2630
        },
        {
            "name": "Berries",
            "x": 2030,
            "y": 2780
        },
        {
            "name": "Berries",
            "x": 2225,
            "y": 2560
        },
        {
            "name": "Berries",
            "x": 3686,
            "y": 2231
        },
        {
            "name": "Berries",
            "x": 3540,
            "y": 2255
        },
        {
            "name": "Berries",
            "x": 3541,
            "y": 2163
        },
        {
            "name": "Berries",
            "x": 3634,
            "y": 2120
        },
        {
            "name": "Berries",
            "x": 3799,
            "y": 2271
        },
        {
            "name": "Berries",
            "x": 3811,
            "y": 2171
        },
        {
            "name": "Berries",
            "x": 3873,
            "y": 927
        },
        {
            "name": "Berries",
            "x": 3788,
            "y": 1009
        },
        {
            "name": "Berries",
            "x": 3742,
            "y": 885
        },
        {
            "name": "Berries",
            "x": 3802,
            "y": 796
        },
        {
            "name": "Berries",
            "x": 3719,
            "y": 713
        },
        {
            "name": "Berries",
            "x": 3718,
            "y": 966
        },
        {
            "name": "Berries",
            "x": 3803,
            "y": 897
        },
        {
            "name": "Berries",
            "x": 2485,
            "y": 930
        },
        {
            "name": "Berries",
            "x": 2415,
            "y": 1005
        },
        {
            "name": "Berries",
            "x": 2468,
            "y": 1088
        },
        {
            "name": "Berries",
            "x": 2587,
            "y": 1130
        },
        {
            "name": "Berries",
            "x": 2464,
            "y": 1185
        },
        {
            "name": "Berries",
            "x": 2509,
            "y": 1018
        },
        {
            "name": "Berries",
            "x": 2526,
            "y": 970
        },
        {
            "name": "Berries",
            "x": 1192,
            "y": 92
        },
        {
            "name": "Berries",
            "x": 1220,
            "y": 20
        },
        {
            "name": "Berries",
            "x": 1261,
            "y": 65
        },
        {
            "name": "Berries",
            "x": 1290,
            "y": 135
        },
        {
            "name": "Berries",
            "x": 1115,
            "y": 70
        },
        {
            "name": "Berries",
            "x": 99,
            "y": 2980
        },
        {
            "name": "Berries",
            "x":150,
            "y": 3035
        },
        {
            "name": "Berries",
            "x": 20,
            "y": 2970
        },
        {
            "name": "Berries",
            "x": 73,
            "y": 2885
        },
        {
            "name": "Berries",
            "x": 190,
            "y": 2970
        },
        {
            "name": "Berries",
            "x": 20,
            "y": 2880
        },
        {
            "name": "Berries",
            "x": 150,
            "y": 2825
        },
        {
            "name": "Berries",
            "x": 225,
            "y": 2790
        },
        {
            "name": "Berries",
            "x": 60,
            "y": 2800
        }
    ]
}