_south={
    "name": "south",
    "size":
    {
        "x": 35, 
        "y": 20
    },
    "resource":
    {
        "settlers": 1,
        "max": 0,
        "food": 20,
        "wood": 15,
        "stone": 50,
        "gold": 50
    },
    "start":{
        "x": 385, 
        "y": 850
    },
    "world":
    [
        [2, 1, 2, 2, 0, 1, 2, 2, 0, 0, 0, 0, 0, 0, 0, 0, 1, 2, 2, 0, 1, 5, 5, 6, 5, 5, 5, 6, 5, 5, 5, 6, 5, 6, 5],
        [1, 2, 2, 0, 1, 2, 2, 0, 0, 0, 0, 0, 0, 1, 0, 0, 1, 2, 2, 0, 1, 6, 5, 6, 5, 5, 5, 6, 5, 5, 6, 6, 5, 5, 5],
        [2, 2, 0, 1, 2, 2, 0, 1, 0, 0, 0, 0, 0, 1, 0, 0, 0, 1, 2, 2, 0, 5, 5, 5, 6, 6, 6, 5, 6, 6, 6, 5, 5, 5, 5],
        [1, 2, 1, 2, 1, 2, 1, 2, 1, 2, 0, 0, 0, 0, 0, 0, 1, 2, 2, 0, 3, 6, 5, 6, 5, 5, 5, 6, 5, 5, 6, 5, 6, 6, 5],
        [2, 1, 2, 1, 2, 2, 0, 0, 0, 0, 0, 2, 0, 0, 0, 0, 0, 1, 3, 3, 3, 3, 5, 5, 5, 6, 5, 6, 5, 5, 5, 5, 5, 6, 6],
        [1, 2, 1, 2, 1, 0, 0, 1, 0, 0, 0, 0, 0, 0, 0, 0, 3, 3, 3, 3, 3, 3, 3, 5, 6, 6, 5, 5, 6, 5, 5, 6, 5, 5, 5],
        [2, 1, 2, 1, 2, 1, 2, 0, 0, 0, 3, 3, 3, 0, 0, 3, 3, 3, 2, 0, 1, 3, 3, 3, 6, 6, 6, 6, 5, 5, 6, 5, 6, 6, 5],
        [1, 2, 1, 2, 1, 2, 0, 0, 0, 3, 3, 3, 3, 1, 3, 3, 3, 3, 0, 0, 0, 3, 3, 3, 6, 5, 5, 5, 5, 6, 6, 6, 6, 5, 5],
        [2, 0, 0, 1, 2, 0, 0, 1, 0, 3, 3, 3, 3, 3, 3, 3, 2, 2, 2, 2, 2, 0, 3, 3, 3, 5, 5, 5, 5, 5, 6, 5, 6, 6, 6],
        [0, 1, 2, 0, 0, 1, 2, 0, 0, 0, 3, 3, 3, 3, 3, 0, 1, 0, 0, 2, 0, 0, 0, 2, 3, 3, 6, 6, 6, 5, 6, 5, 6, 5, 5],
        [1, 2, 0, 0, 1, 2, 0, 0, 0, 0, 0, 3, 3, 3, 3, 0, 0, 0, 1, 0, 1, 1, 2, 2, 3, 3, 5, 5, 6, 6, 6, 6, 6, 6, 6],
        [2, 0, 0, 1, 2, 0, 0, 1, 0, 0, 0, 3, 3, 3, 3, 3, 3, 2, 2, 0, 0, 1, 0, 3, 3, 3, 5, 6, 6, 6, 6, 5, 6, 5, 6],
        [0, 1, 2, 0, 0, 1, 2, 0, 0, 0, 0, 0, 3, 3, 3, 3, 3, 3, 0, 0, 1, 0, 0, 2, 3, 5, 6, 6, 5, 5, 5, 5, 6, 5, 5],
        [1, 2, 2, 0, 1, 2, 0, 0, 0, 0, 0, 0, 0, 1, 3, 3, 3, 3, 0, 2, 1, 0, 0, 0, 3, 5, 6, 5, 0, 2, 0, 0, 0, 5, 6],
        [2, 2, 0, 1, 2, 0, 0, 1, 0, 0, 0, 0, 0, 1, 3, 3, 3, 1, 2, 0, 0, 0, 0, 0, 3, 6, 5, 2, 0, 1, 2, 2, 0, 6, 5],
        [0, 1, 2, 0, 0, 1, 2, 0, 0, 0, 0, 2, 0, 1, 3, 3, 3, 0, 0, 0, 0, 0, 0, 0, 1, 2, 6, 0, 0, 0, 0, 1, 0, 0, 0],
        [1, 2, 2, 0, 1, 2, 0, 0, 0, 0, 0, 2, 0, 3, 3, 3, 3, 0, 0, 0, 1, 0, 2, 0, 1, 2, 2, 0, 0, 0, 1, 2, 1, 0, 0],
        [0, 1, 2, 2, 0, 1, 2, 0, 0, 0, 0, 0, 0, 0, 3, 3, 3, 2, 0, 0, 1, 0, 2, 0, 1, 2, 2, 0, 0, 2, 0, 0, 1, 0, 0],
        [1, 2, 2, 0, 1, 2, 0, 0, 0, 0, 0, 0, 0, 1, 3, 3, 3, 3, 0, 0, 1, 0, 2, 0, 1, 2, 2, 0, 0, 2, 0, 0, 0, 2, 0],
        [2, 2, 0, 1, 2, 2, 0, 1, 2, 0, 2, 0, 2, 1, 3, 3, 3, 3, 2, 2, 0, 0, 2, 0, 0, 1, 0, 2, 0, 1, 2, 2, 0, 0, 1]
     ],
    "timeout": 300000,
    "enemies": 
    [

    ],
    "objects":[
        {
            "name": "Settler",
            "x": 385, 
            "y": 850
        },
        {
            "name": "Tree2",
            "x": 681, 
            "y": 853
        },
        {
            "name": "Tree1",
            "x": 764, 
            "y": 954
        },
        {
            "name": "Tree2",
            "x": 672, 
            "y": 935
        },
        {
            "name": "Tree3",
            "x": 551, 
            "y": 968
        },
        {
            "name": "Tree3",
            "x": 632, 
            "y": 1002
        },
        {
            "name": "Tree2",
            "x": 722, 
            "y": 1046
        },
        {
            "name": "Tree1",
            "x": 836, 
            "y": 1106
        },
        {
            "name": "Tree2",
            "x": 772, 
            "y": 1161
        },
        {
            "name": "Tree2",
            "x": 825, 
            "y": 1230
        },
        {
            "name": "Tree3",
            "x": 669, 
            "y": 1215
        },
        {
            "name": "Tree2",
            "x": 827, 
            "y": 56
        },
        {
            "name": "Tree3",
            "x": 965, 
            "y": 92
        },
        {
            "name": "Tree1",
            "x": 796, 
            "y": 122
        },
        {
            "name": "Tree1",
            "x": 940, 
            "y": 225
        },
        {
            "name": "Tree3",
            "x": 804, 
            "y": 340
        },
        {
            "name": "Tree1",
            "x": 937, 
            "y": 356
        },
        {
            "name": "Tree3",
            "x": 1088, 
            "y": 137
        },
        {
            "name": "Tree1",
            "x": 2041, 
            "y": 513
        },
        {
            "name": "Tree2",
            "x": 1982, 
            "y": 390
        },
        {
            "name": "Tree1",
            "x": 2138, 
            "y": 423
        },
        {
            "name": "Tree3",
            "x": 2151, 
            "y": 296
        },
        {
            "name": "Tree1",
            "x": 1882, 
            "y": 286
        },
        {
            "name": "Tree2",
            "x": 1796, 
            "y": 547
        },
        {
            "name": "Stone1",
            "x": 598, 
            "y": 716
        },
        {
            "name": "Stone2",
            "x": 494, 
            "y": 622
        },
        {
            "name": "Stone1",
            "x": 1848, 
            "y": 694
        },
        {
            "name": "Stone2",
            "x": 1774, 
            "y": 768
        },
        {
            "name": "Stone1",
            "x": 1699, 
            "y": 859
        },
        {
            "name": "Berries",
            "x": 38, 
            "y": 785
        },
        {
            "name": "Berries",
            "x": 65, 
            "y": 877
        },
        {
            "name": "Berries",
            "x": 122, 
            "y": 837
        },
        {
            "name": "Berries",
            "x": 871, 
            "y": 409
        },
        {
            "name": "Berries",
            "x": 1031, 
            "y": 284
        },
        {
            "name": "Berries",
            "x": 873, 
            "y": 116
        },
        {
            "name": "Berries",
            "x": 2051, 
            "y": 990
        },
        {
            "name": "Berries",
            "x": 1981, 
            "y": 935
        },
        {
            "name": "Berries",
            "x": 2187, 
            "y": 1056
        },
        {
            "name": "Berries",
            "x": 2130, 
            "y": 1131
        },
        {
            "name": "Berries",
            "x": 2003, 
            "y": 1132
        },
        {
            "name": "Berries",
            "x": 1952, 
            "y": 1065
        }
    ]
}