_west={
    "name": "west",
    "size":
    {
        "x": 20, 
        "y": 10
    },
    "resource":
    {
        "settlers": 5,
        "max": 0,
        "food": 0,
        "wood": 0,
        "stone": 0,
        "gold": 0
    },
    "start":
    {
        "x": 680, 
        "y": 285
    },
    "world":
    [
        [5, 5, 6, 6, 5, 6, 7, 7, 6, 6, 6, 6, 6, 6, 6, 6, 6, 6, 6, 7],
        [5, 6, 6, 5, 6, 6, 6, 6, 6, 6, 6, 5, 6, 6, 6, 6, 6, 6, 5, 7],
        [5, 6, 6, 5, 6, 6, 5, 6, 6, 6, 6, 6, 5, 6, 6, 6, 6, 6, 5, 7],
        [5, 6, 5, 6, 5, 6, 5, 6, 5, 6, 6, 6, 6, 6, 6, 5, 6, 7, 7, 7],
        [5, 5, 6, 5, 6, 5, 6, 6, 6, 6, 7, 6, 6, 6, 6, 6, 7, 7, 7, 7],
        [5, 6, 5, 6, 5, 5, 6, 5, 6, 6, 6, 6, 6, 6, 6, 5, 6, 7, 7, 7],
        [5, 5, 6, 5, 6, 5, 6, 5, 6, 6, 5, 6, 6, 6, 6, 5, 6, 5, 6, 6],
        [7, 7, 5, 6, 5, 6, 6, 6, 6, 6, 6, 6, 6, 5, 6, 6, 5, 7, 7, 7],
        [7, 7, 7, 5, 6, 6, 6, 5, 6, 6, 6, 6, 6, 5, 6, 6, 6, 5, 6, 7],
        [7, 7, 6, 6, 6, 5, 6, 6, 6, 6, 6, 6, 6, 5, 6, 6, 5, 5, 6, 6]
     ],
    "timeout": 3000,
    "enemies": 
    [
        {
            "respawn": 1000,
            "x": 200,
            "y": 21
        },
        {
            "respawn": 1500,
            "x": 532,
            "y": 39
        },
        {
            "respawn": 2750,
            "x": 214,
            "y": 602
        },
        {
            "respawn": 2500,
            "x": 877,
            "y": 597
        },
        {
            "respawn": 4000,
            "x": 15,
            "y": 338
        },
        {
            "respawn": 5050,
            "x": 727,
            "y": 37
        },
        {
            "respawn": 5250,
            "x": 1058,
            "y": 607
        }
    ],
    "objects":
    [
        {
            "name": "Knight",
            "x": 581, 
            "y": 347
        },
        {
            "name": "Knight",
            "x": 718, 
            "y": 381
        },
        {
            "name": "Knight",
            "x": 756, 
            "y": 246
        },
        {
            "name": "Knight",
            "x": 616, 
            "y": 179
        },
        {
            "name": "Knight",
            "x": 471, 
            "y": 243
        }
    ]
}